%YAML:1.0
---
type: IMU
name: pixhwak
Gyr:
   unit: " rad/s"
   avg-axis:
      gyr_n: 1.5943390884693078e-03
      gyr_w: 2.0253825418661509e-05
   x-axis:
      gyr_n: 1.4790073235631035e-03
      gyr_w: 7.3156334909950596e-06
   y-axis:
      gyr_n: 1.6215093809197831e-03
      gyr_w: 6.6471195357820677e-06
   z-axis:
      gyr_n: 1.6825005609250377e-03
      gyr_w: 4.6798723229207399e-05
Acc:
   unit: " m/s^2"
   avg-axis:
      acc_n: 1.7070429879403243e-02
      acc_w: 1.0802628849141355e-03
   x-axis:
      acc_n: 6.9652948520272963e-03
      acc_w: 9.3204212214650581e-04
   y-axis:
      acc_n: 1.8362010164259032e-02
      acc_w: 1.6825124217307809e-03
   z-axis:
      acc_n: 2.5883984621923397e-02
      acc_w: 6.2623411086511996e-04
